255 255 255 255 255 255 255 255 255 255 255 255 255 255 255 255
255 255 255 255 255 255 255 255 255 255 255 255 255 255 255 255
255 255 255 255 255 255 255 255 255 255 255 255 255 255 255 255
255 255 255   0   0 255 255 255 255 255 255   0   0 255 255 255
255 255 255   0 255 255 255 255 255 255 255 255   0 255 255 255
255 255 255 255 255 255 255   0   0 255 255 255 255 255 255 255
255 255 255 255 255 255 254   0   0 255 255 255 255 255 255 255
255 255 255 255 255   0   0   4   4   0   0 255 255 255 255 255
255 255 255 255 255   0   0   4   4   0 255 255 255 255 255 255
255 255 255 255 255 255 255   0   0 254 255 255 255 255 255 255
255 255 255 255 255 255 255   0   0 255 255 255 255 255 255 255
255 255 255   0 255 255 255 255 255 255 255 255   0 255 255 255
255 255 255   0   0 255 255 255 255 255 255   0   0 255 255 255
255 255 255 255 255 255 255 255 255 255 255 255 255 255 255 255
255 255 255 255 255 255 255 255 255 255 255 255 255 255 255 255
255 255 255 255 255 255 255 255 255 255 255 255 255 255 255 255
255 255 255 255 255 255 255 255 255 255 255 255 255 255 255 255
255 255 255 255 255 255 255 255 255 255 255 255 255 255 255 255
255 255 255 255 255 255 255 255 255 255 255 255 255 255 255 255
255 255 255   0   0 255 255 255 255 255 255   0   0 255 255 255
255 255 255   0 255 255 255 255 255 255 255 255   0 255 255 255
255 255 255 255 255 255 255   0   0 255 255 255 255 255 255 255
255 255 255 255 255 255 254   0   0 255 255 255 255 255 255 255
255 255 255 255 255   0   0   4   4   0   0 255 255 255 255 255
255 255 255 255 255   0   0   4   4   0 255 255 255 255 255 255
255 255 255 255 255 255 255   0   0 254 255 255 255 255 255 255
255 255 255 255 255 255 255   0   0 255 255 255 255 255 255 255
255 255 255   0 255 255 255 255 255 255 255 255   0 255 255 255
255 255 255   0   0 255 255 255 255 255 255   0   0 255 255 255
255 255 255 255 255 255 255 255 255 255 255 255 255 255 255 255
255 255 255 255 255 255 255 255 255 255 255 255 255 255 255 255
255 255 255 255 255 255 255 255 255 255 255 255 255 255 255 255
255 255 255 255 255 255 255 255 255 255 255 255 255 255 255 255
255 255 255 255 255 255 255 255 255 255 255 255 255 255 255 255
255 255 255 255 255 255 255 255 255 255 255 255 255 255 255 255
255 255 255   0   0 255 255 255 255 255 255   0   0 255 255 255
255 255 255   0 255 255 255 255 255 255 255 255   0 255 255 255
255 255 255 255 255 255 255   0   0 255 255 255 255 255 255 255
255 255 255 255 255 255 254   0   0 255 255 255 255 255 255 255
255 255 255 255 255   0   0   4   4   0   0 255 255 255 255 255
255 255 255 255 255   0   0   4   4   0 255 255 255 255 255 255
255 255 255 255 255 255 255   0   0 254 255 255 255 255 255 255
255 255 255 255 255 255 255   0   0 255 255 255 255 255 255 255
255 255 255   0 255 255 255 255 255 255 255 255   0 255 255 255
255 255 255   0   0 255 255 255 255 255 255   0   0 255 255 255
255 255 255 255 255 255 255 255 255 255 255 255 255 255 255 255
255 255 255 255 255 255 255 255 255 255 255 255 255 255 255 255
255 255 255 255 255 255 255 255 255 255 255 255 255 255 255 255

255 255 255 255 255 255 255 255 255 255 255 255 255 255 255 255
255 255 255 255 255 255 255 255 255 255 255 255 255 255 255 255
255 255 255 255 255 255 255 255 255 255 255 255 255 255 255 255
255 255 255   0   0 255 255 255 255 255 255   0   0 255 255 255
255 255 255   0 255 255 255 255 255 255 255 255   0 255 255 255
255 255 255 255 255 255 255   0 255 255 255 255 255 255 255 255
255 255 255 255 255 255 255   0   0 254 255 255 255 255 255 255
255 255 255 255 255   0   0   4   4   0   0 255 255 255 255 255
255 255 255 255 255   0   0   4   4   0   0 255 255 255 255 255
255 255 255 255 255 255 254   0   0 255 255 255 255 255 255 255
255 255 255 255 255 255 255   0   0 255 255 255 255 255 255 255
255 255 255   0 255 255 255 255 255 255 255 255   0 255 255 255
255 255 255   0   0 255 255 255 255 255 255   0   0 255 255 255
255 255 255 255 255 255 255 255 255 255 255 255 255 255 255 255
255 255 255 255 255 255 255 255 255 255 255 255 255 255 255 255
255 255 255 255 255 255 255 255 255 255 255 255 255 255 255 255
255 255 255 255 255 255 255 255 255 255 255 255 255 255 255 255
255 255 255 255 255 255 255 255 255 255 255 255 255 255 255 255
255 255 255 255 255 255 255 255 255 255 255 255 255 255 255 255
255 255 255   0   0 255 255 255 255 255 255   0   0 255 255 255
255 255 255   0 255 255 255 255 255 255 255 255   0 255 255 255
255 255 255 255 255 255 255   0 255 255 255 255 255 255 255 255
255 255 255 255 255 255 255   0   0 254 255 255 255 255 255 255
255 255 255 255 255   0   0   4   4   0   0 255 255 255 255 255
255 255 255 255 255   0   0   4   4   0   0 255 255 255 255 255
255 255 255 255 255 255 254   0   0 255 255 255 255 255 255 255
255 255 255 255 255 255 255   0   0 255 255 255 255 255 255 255
255 255 255   0 255 255 255 255 255 255 255 255   0 255 255 255
255 255 255   0   0 255 255 255 255 255 255   0   0 255 255 255
255 255 255 255 255 255 255 255 255 255 255 255 255 255 255 255
255 255 255 255 255 255 255 255 255 255 255 255 255 255 255 255
255 255 255 255 255 255 255 255 255 255 255 255 255 255 255 255
255 255 255 255 255 255 255 255 255 255 255 255 255 255 255 255
255 255 255 255 255 255 255 255 255 255 255 255 255 255 255 255
255 255 255 255 255 255 255 255 255 255 255 255 255 255 255 255
255 255 255   0   0 255 255 255 255 255 255   0   0 255 255 255
255 255 255   0 255 255 255 255 255 255 255 255   0 255 255 255
255 255 255 255 255 255 255   0 255 255 255 255 255 255 255 255
255 255 255 255 255 255 255   0   0 254 255 255 255 255 255 255
255 255 255 255 255   0   0   4   4   0   0 255 255 255 255 255
255 255 255 255 255   0   0   4   4   0   0 255 255 255 255 255
255 255 255 255 255 255 254   0   0 255 255 255 255 255 255 255
255 255 255 255 255 255 255   0   0 255 255 255 255 255 255 255
255 255 255   0 255 255 255 255 255 255 255 255   0 255 255 255
255 255 255   0   0 255 255 255 255 255 255   0   0 255 255 255
255 255 255 255 255 255 255 255 255 255 255 255 255 255 255 255
255 255 255 255 255 255 255 255 255 255 255 255 255 255 255 255
255 255 255 255 255 255 255 255 255 255 255 255 255 255 255 255

255 255 255 255 255 255 255 255 255 255 255 255 255 255 255 255
255 255 255 255 255 255 255 255 255 255 255 255 255 255 255 255
255 255 254 244 238 249 255 255 255 255 248 238 245 254 255 255
255 255 244 143 149 219 255 255 255 255 215 147 146 249 255 255
255 255 238 149 252 159 229 207 185 151 160 247 146 246 255 255
255 255 249 219 159 118 215 105  85 164 115 163 218 252 255 255
255 255 255 255 151 166 230 105  92 228 162 157 255 255 255 255
255 255 255 255 191 178 113 144 134 105  98 195 255 255 255 255
255 255 255 255 185  85  92 134 124  92  84 190 255 255 255 255
255 255 255 255 151 164 228 105  92 225 161 157 255 255 255 255
255 255 248 215 160 115 162  98  84 161 113 164 214 251 255 255
255 255 238 147 247 163 157 195 190 157 164 242 144 246 255 255
255 255 245 146 146 218 255 255 255 255 214 144 150 250 255 255
255 255 254 249 246 252 255 255 255 255 251 246 250 254 255 255
255 255 255 255 255 255 255 255 255 255 255 255 255 255 255 255
255 255 255 255 255 255 255 255 255 255 255 255 255 255 255 255
255 255 255 255 255 255 255 255 255 255 255 255 255 255 255 255
255 255 255 255 255 255 255 255 255 255 255 255 255 255 255 255
255 255 254 244 238 249 255 255 255 255 248 238 245 254 255 255
255 255 244 143 149 219 255 255 255 255 215 147 146 249 255 255
255 255 238 149 252 159 229 207 185 151 160 247 146 246 255 255
255 255 249 219 159 118 215 105  85 164 115 163 218 252 255 255
255 255 255 255 151 166 230 105  92 228 162 157 255 255 255 255
255 255 255 255 191 178 113 144 134 105  98 195 255 255 255 255
255 255 255 255 185  85  92 134 124  92  84 190 255 255 255 255
255 255 255 255 151 164 228 105  92 225 161 157 255 255 255 255
255 255 248 215 160 115 162  98  84 161 113 164 214 251 255 255
255 255 238 147 247 163 157 195 190 157 164 242 144 246 255 255
255 255 245 146 146 218 255 255 255 255 214 144 150 250 255 255
255 255 254 249 246 252 255 255 255 255 251 246 250 254 255 255
255 255 255 255 255 255 255 255 255 255 255 255 255 255 255 255
255 255 255 255 255 255 255 255 255 255 255 255 255 255 255 255
255 255 255 255 255 255 255 255 255 255 255 255 255 255 255 255
255 255 255 255 255 255 255 255 255 255 255 255 255 255 255 255
255 255 254 244 238 249 255 255 255 255 248 238 245 254 255 255
255 255 244 143 149 219 255 255 255 255 215 147 146 249 255 255
255 255 238 149 252 159 229 207 185 151 160 247 146 246 255 255
255 255 249 219 159 118 215 105  85 164 115 163 218 252 255 255
255 255 255 255 151 166 230 105  92 228 162 157 255 255 255 255
255 255 255 255 191 178 113 144 134 105  98 195 255 255 255 255
255 255 255 255 185  85  92 134 124  92  84 190 255 255 255 255
255 255 255 255 151 164 228 105  92 225 161 157 255 255 255 255
255 255 248 215 160 115 162  98  84 161 113 164 214 251 255 255
255 255 238 147 247 163 157 195 190 157 164 242 144 246 255 255
255 255 245 146 146 218 255 255 255 255 214 144 150 250 255 255
255 255 254 249 246 252 255 255 255 255 251 246 250 254 255 255
255 255 255 255 255 255 255 255 255 255 255 255 255 255 255 255
255 255 255 255 255 255 255 255 255 255 255 255 255 255 255 255

255 255 255 255 255 255 255 255 255 255 255 255 255 255 255 255
255 255 255 255 255 255 255 255 255 255 255 255 255 255 255 255
255 255 255 248 242 250 255 255 255 255 250 242 248 255 255 255
255 255 248 147 147 217 255 255 255 255 217 147 147 248 255 255
255 255 242 147 247 162 154 191 191 154 162 247 147 242 255 255
255 255 250 217 162 116 164  92  92 164 116 162 217 250 255 255
255 255 255 255 154 164 228  99  99 228 164 154 255 255 255 255
255 255 255 255 191  92  99 135 135  99  92 191 255 255 255 255
255 255 255 255 207  98  99 135 135  99  92 191 255 255 255 255
255 255 255 255 228 213 228 109  99 228 164 154 255 255 255 255
255 255 250 217 162 116 164 175  92 164 116 162 217 250 255 255
255 255 242 147 247 162 154 191 191 154 162 247 147 242 255 255
255 255 248 147 147 217 255 255 255 255 217 147 147 248 255 255
255 255 255 248 242 250 255 255 255 255 250 242 248 255 255 255
255 255 255 255 255 255 255 255 255 255 255 255 255 255 255 255
255 255 255 255 255 255 255 255 255 255 255 255 255 255 255 255
255 255 255 255 255 255 255 255 255 255 255 255 255 255 255 255
255 255 255 255 255 255 255 255 255 255 255 255 255 255 255 255
255 255 255 248 242 250 255 255 255 255 250 242 248 255 255 255
255 255 248 147 147 217 255 255 255 255 217 147 147 248 255 255
255 255 242 147 247 162 154 191 191 154 162 247 147 242 255 255
255 255 250 217 162 116 164  92  92 164 116 162 217 250 255 255
255 255 255 255 154 164 228  99  99 228 164 154 255 255 255 255
255 255 255 255 191  92  99 135 135  99  92 191 255 255 255 255
255 255 255 255 207  98  99 135 135  99  92 191 255 255 255 255
255 255 255 255 228 213 228 109  99 228 164 154 255 255 255 255
255 255 250 217 162 116 164 175  92 164 116 162 217 250 255 255
255 255 242 147 247 162 154 191 191 154 162 247 147 242 255 255
255 255 248 147 147 217 255 255 255 255 217 147 147 248 255 255
255 255 255 248 242 250 255 255 255 255 250 242 248 255 255 255
255 255 255 255 255 255 255 255 255 255 255 255 255 255 255 255
255 255 255 255 255 255 255 255 255 255 255 255 255 255 255 255
255 255 255 255 255 255 255 255 255 255 255 255 255 255 255 255
255 255 255 255 255 255 255 255 255 255 255 255 255 255 255 255
255 255 255 248 242 250 255 255 255 255 250 242 248 255 255 255
255 255 248 147 147 217 255 255 255 255 217 147 147 248 255 255
255 255 242 147 247 162 154 191 191 154 162 247 147 242 255 255
255 255 250 217 162 116 164  92  92 164 116 162 217 250 255 255
255 255 255 255 154 164 228  99  99 228 164 154 255 255 255 255
255 255 255 255 191  92  99 135 135  99  92 191 255 255 255 255
255 255 255 255 207  98  99 135 135  99  92 191 255 255 255 255
255 255 255 255 228 213 228 109  99 228 164 154 255 255 255 255
255 255 250 217 162 116 164 175  92 164 116 162 217 250 255 255
255 255 242 147 247 162 154 191 191 154 162 247 147 242 255 255
255 255 248 147 147 217 255 255 255 255 217 147 147 248 255 255
255 255 255 248 242 250 255 255 255 255 250 242 248 255 255 255
255 255 255 255 255 255 255 255 255 255 255 255 255 255 255 255
255 255 255 255 255 255 255 255 255 255 255 255 255 255 255 255
